144
0.1389568
0.3922893
0.1389568
0.5370966
0.3922893
0.1389568
0.6504264
0.5370966
0.3922893
0.1389568
0.7467506
0.6504264
0.5370966
0.3922893
0.1389568
0.8319966
0.7467506
0.6504264
0.5370966
0.3922893
0.1389568
0.9092855
0.8319966
0.7467506
0.6504264
0.5370966
0.3922893
0.1389568
0.9805009
0.9092855
0.8319966
0.7467506
0.6504264
0.5370966
0.3922893
0.1389568
0.1389568
0.3922893
0.1389568
0.5370966
0.3922893
0.1389568
0.6504264
0.5370966
0.3922893
0.1389568
0.7467506
0.6504264
0.5370966
0.3922893
0.1389568
0.8319966
0.7467506
0.6504264
0.5370966
0.3922893
0.1389568
0.9092855
0.8319966
0.7467506
0.6504264
0.5370966
0.3922893
0.1389568
0.9805009
0.9092855
0.8319966
0.7467506
0.6504264
0.5370966
0.3922893
0.1389568
-0.1389568
-0.3922893
-0.1389568
-0.5370966
-0.3922893
-0.1389568
-0.6504264
-0.5370966
-0.3922893
-0.1389568
-0.7467506
-0.6504264
-0.5370966
-0.3922893
-0.1389568
-0.8319966
-0.7467506
-0.6504264
-0.5370966
-0.3922893
-0.1389568
-0.9092855
-0.8319966
-0.7467506
-0.6504264
-0.5370966
-0.3922893
-0.1389568
-0.9805009
-0.9092855
-0.8319966
-0.7467506
-0.6504264
-0.5370966
-0.3922893
-0.1389568
-0.1389568
-0.3922893
-0.1389568
-0.5370966
-0.3922893
-0.1389568
-0.6504264
-0.5370966
-0.3922893
-0.1389568
-0.7467506
-0.6504264
-0.5370966
-0.3922893
-0.1389568
-0.8319966
-0.7467506
-0.6504264
-0.5370966
-0.3922893
-0.1389568
-0.9092855
-0.8319966
-0.7467506
-0.6504264
-0.5370966
-0.3922893
-0.1389568
-0.9805009
-0.9092855
-0.8319966
-0.7467506
-0.6504264
-0.5370966
-0.3922893
-0.1389568
0.9805009
0.9092855
0.9092855
0.8319966
0.8319966
0.8319966
0.7467506
0.7467506
0.7467506
0.7467506
0.6504264
0.6504264
0.6504264
0.6504264
0.6504264
0.5370966
0.5370966
0.5370966
0.5370966
0.5370966
0.5370966
0.3922893
0.3922893
0.3922893
0.3922893
0.3922893
0.3922893
0.3922893
0.1389568
0.1389568
0.1389568
0.1389568
0.1389568
0.1389568
0.1389568
0.1389568
-0.9805009
-0.9092855
-0.9092855
-0.8319966
-0.8319966
-0.8319966
-0.7467506
-0.7467506
-0.7467506
-0.7467506
-0.6504264
-0.6504264
-0.6504264
-0.6504264
-0.6504264
-0.5370966
-0.5370966
-0.5370966
-0.5370966
-0.5370966
-0.5370966
-0.3922893
-0.3922893
-0.3922893
-0.3922893
-0.3922893
-0.3922893
-0.3922893
-0.1389568
-0.1389568
-0.1389568
-0.1389568
-0.1389568
-0.1389568
-0.1389568
-0.1389568
0.9805009
0.9092855
0.9092855
0.8319966
0.8319966
0.8319966
0.7467506
0.7467506
0.7467506
0.7467506
0.6504264
0.6504264
0.6504264
0.6504264
0.6504264
0.5370966
0.5370966
0.5370966
0.5370966
0.5370966
0.5370966
0.3922893
0.3922893
0.3922893
0.3922893
0.3922893
0.3922893
0.3922893
0.1389568
0.1389568
0.1389568
0.1389568
0.1389568
0.1389568
0.1389568
0.1389568
-0.9805009
-0.9092855
-0.9092855
-0.8319966
-0.8319966
-0.8319966
-0.7467506
-0.7467506
-0.7467506
-0.7467506
-0.6504264
-0.6504264
-0.6504264
-0.6504264
-0.6504264
-0.5370966
-0.5370966
-0.5370966
-0.5370966
-0.5370966
-0.5370966
-0.3922893
-0.3922893
-0.3922893
-0.3922893
-0.3922893
-0.3922893
-0.3922893
-0.1389568
-0.1389568
-0.1389568
-0.1389568
-0.1389568
-0.1389568
-0.1389568
-0.1389568
0.15389782764
0.129840767736
0.129840767736
0.0667041801766
0.113250016932
0.0667041801766
0.0804898028998
0.045423974019
0.045423974019
0.0804898028998
0.0804898028998
0.10837175186
0.026759772064
0.10837175186
0.0804898028998
0.0667041801766
0.045423974019
0.026759772064
0.026759772064
0.045423974019
0.0667041801766
0.129840767736
0.113250016932
0.045423974019
0.10837175186
0.045423974019
0.113250016932
0.129840767736
0.15389782764
0.129840767736
0.0667041801766
0.0804898028998
0.0804898028998
0.0667041801766
0.129840767736
0.15389782764
0.15389782764
0.129840767736
0.129840767736
0.0667041801766
0.113250016932
0.0667041801766
0.0804898028998
0.045423974019
0.045423974019
0.0804898028998
0.0804898028998
0.10837175186
0.026759772064
0.10837175186
0.0804898028998
0.0667041801766
0.045423974019
0.026759772064
0.026759772064
0.045423974019
0.0667041801766
0.129840767736
0.113250016932
0.045423974019
0.10837175186
0.045423974019
0.113250016932
0.129840767736
0.15389782764
0.129840767736
0.0667041801766
0.0804898028998
0.0804898028998
0.0667041801766
0.129840767736
0.15389782764
0.15389782764
0.129840767736
0.129840767736
0.0667041801766
0.113250016932
0.0667041801766
0.0804898028998
0.045423974019
0.045423974019
0.0804898028998
0.0804898028998
0.10837175186
0.026759772064
0.10837175186
0.0804898028998
0.0667041801766
0.045423974019
0.026759772064
0.026759772064
0.045423974019
0.0667041801766
0.129840767736
0.113250016932
0.045423974019
0.10837175186
0.045423974019
0.113250016932
0.129840767736
0.15389782764
0.129840767736
0.0667041801766
0.0804898028998
0.0804898028998
0.0667041801766
0.129840767736
0.15389782764
0.15389782764
0.129840767736
0.129840767736
0.0667041801766
0.113250016932
0.0667041801766
0.0804898028998
0.045423974019
0.045423974019
0.0804898028998
0.0804898028998
0.10837175186
0.026759772064
0.10837175186
0.0804898028998
0.0667041801766
0.045423974019
0.026759772064
0.026759772064
0.045423974019
0.0667041801766
0.129840767736
0.113250016932
0.045423974019
0.10837175186
0.045423974019
0.113250016932
0.129840767736
0.15389782764
0.129840767736
0.0667041801766
0.0804898028998
0.0804898028998
0.0667041801766
0.129840767736
0.15389782764
