12
2.958759000000000e-01
2.958759000000000e-01
-2.958759000000000e-01
-2.958759000000000e-01
2.958759000000000e-01
2.958759000000000e-01
-2.958759000000000e-01
-2.958759000000000e-01
9.082483000000000e-01
9.082483000000000e-01
-9.082483000000000e-01
-9.082483000000000e-01
2.958759000000000e-01
-2.958759000000000e-01
2.958759000000000e-01
-2.958759000000000e-01
9.082483000000000e-01
-9.082483000000000e-01
9.082483000000000e-01
-9.082483000000000e-01
2.958759000000000e-01
-2.958759000000000e-01
2.958759000000000e-01
-2.958759000000000e-01
1.047197400000000e+00
1.047197400000000e+00
1.047197400000000e+00
1.047197400000000e+00
1.047197400000000e+00
1.047197400000000e+00
1.047197400000000e+00
1.047197400000000e+00
1.050719740000000e+00
1.050719740000000e+00
1.050719740000000e+00
1.050719740000000e+00