24
1.838670000000000e-01
1.838670000000000e-01
-1.838670000000000e-01
-1.838670000000000e-01
1.838670000000000e-01
1.838670000000000e-01
-1.838670000000000e-01
-1.838670000000000e-01
1.838670000000000e-01
1.838670000000000e-01
-1.838670000000000e-01
-1.838670000000000e-01
6.950514000000000e-01
6.950514000000000e-01
-6.950514000000000e-01
-6.950514000000000e-01
6.950514000000000e-01
6.950514000000000e-01
-6.950514000000000e-01
-6.950514000000000e-01
9.656013000000000e-01
9.656013000000000e-01
-9.656013000000000e-01
-9.656013000000000e-01
1.838670000000000e-01
-1.838670000000000e-01
1.838670000000000e-01
-1.838670000000000e-01
6.950514000000000e-01
-6.950514000000000e-01
6.950514000000000e-01
-6.950514000000000e-01
9.656013000000000e-01
-9.656013000000000e-01
9.656013000000000e-01
-9.656013000000000e-01
1.838670000000000e-01
-1.838670000000000e-01
1.838670000000000e-01
-1.838670000000000e-01
6.950514000000000e-01
-6.950514000000000e-01
6.950514000000000e-01
-6.950514000000000e-01
1.838670000000000e-01
-1.838670000000000e-01
1.838670000000000e-01
-1.838670000000000e-01
3.219034000000000e-01
3.219034000000000e-01
3.219034000000000e-01
3.219034000000000e-01
7.252938000000000e-01
7.252938000000000e-01
7.252938000000000e-01
7.252938000000000e-01
3.219034000000000e-01
3.219034000000000e-01
3.219034000000000e-01
3.219034000000000e-01
7.252938000000000e-01
7.252938000000000e-01
7.252938000000000e-01
7.252938000000000e-01
7.252938000000000e-01
7.252938000000000e-01
7.252938000000000e-01
7.252938000000000e-01
3.219034000000000e-01
3.219034000000000e-01
3.219034000000000e-01
3.219034000000000e-01