40
1.422555000000000e-01
1.422555000000000e-01
-1.422555000000000e-01
-1.422555000000000e-01
1.422555000000000e-01
1.422555000000000e-01
-1.422555000000000e-01
-1.422555000000000e-01
1.422555000000000e-01
1.422555000000000e-01
-1.422555000000000e-01
-1.422555000000000e-01
1.422555000000000e-01
1.422555000000000e-01
-1.422555000000000e-01
-1.422555000000000e-01
5.773503000000000e-01
5.773503000000000e-01
-5.773503000000000e-01
-5.773503000000000e-01
5.773503000000000e-01
5.773503000000000e-01
-5.773503000000000e-01
-5.773503000000000e-01
5.773503000000000e-01
5.773503000000000e-01
-5.773503000000000e-01
-5.773503000000000e-01
8.040087000000000e-01
8.040087000000000e-01
-8.040087000000000e-01
-8.040087000000000e-01
8.040087000000000e-01
8.040087000000000e-01
-8.040087000000000e-01
-8.040087000000000e-01
9.795543000000000e-01
9.795543000000000e-01
-9.795543000000000e-01
-9.795543000000000e-01
1.422555000000000e-01
-1.422555000000000e-01
1.422555000000000e-01
-1.422555000000000e-01
5.773503000000000e-01
-5.773503000000000e-01
5.773503000000000e-01
-5.773503000000000e-01
8.040087000000000e-01
-8.040087000000000e-01
8.040087000000000e-01
-8.040087000000000e-01
9.795543000000000e-01
-9.795543000000000e-01
9.795543000000000e-01
-9.795543000000000e-01
1.422555000000000e-01
-1.422555000000000e-01
1.422555000000000e-01
-1.422555000000000e-01
5.773503000000000e-01
-5.773503000000000e-01
5.773503000000000e-01
-5.773503000000000e-01
8.040087000000000e-01
-8.040087000000000e-01
8.040087000000000e-01
-8.040087000000000e-01
1.422555000000000e-01
-1.422555000000000e-01
1.422555000000000e-01
-1.422555000000000e-01
5.773503000000000e-01
-5.773503000000000e-01
5.773503000000000e-01
-5.773503000000000e-01
1.422555000000000e-01
-1.422555000000000e-01
1.422555000000000e-01
-1.422555000000000e-01
3.424718000000000e-01
3.424718000000000e-01
3.424718000000000e-01
3.424718000000000e-01
1.984568000000000e-01
1.984568000000000e-01
1.984568000000000e-01
1.984568000000000e-01
1.984568000000000e-01
1.984568000000000e-01
1.984568000000000e-01
1.984568000000000e-01
3.424718000000000e-01
3.424718000000000e-01
3.424718000000000e-01
3.424718000000000e-01
1.984568000000000e-01
1.984568000000000e-01
1.984568000000000e-01
1.984568000000000e-01
9.234358000000000e-01
9.234358000000000e-01
9.234358000000000e-01
9.234358000000000e-01
1.984568000000000e-01
1.984568000000000e-01
1.984568000000000e-01
1.984568000000000e-01
1.984568000000000e-01
1.984568000000000e-01
1.984568000000000e-01
1.984568000000000e-01
1.984568000000000e-01
1.984568000000000e-01
1.984568000000000e-01
1.984568000000000e-01
3.424718000000000e-01
3.424718000000000e-01
3.424718000000000e-01
3.424718000000000e-01